0.0000
0.5406
0.9096
0.9898
0.7558
0.2817
-0.2817
-0.7558
-0.9898
-0.9096
-0.5406
-0.0000
0.5406
0.9096
0.9898
0.7558
0.2817
-0.2817
-0.7558
-0.9898
-0.9096
-0.5406
-0.0000
0.5406
0.9096
0.9898
0.7558
0.2817
-0.2817
-0.7558
-0.9898
-0.9096
-0.5406
-0.0000
0.5406
0.9096
0.9898
0.7558
0.2817
-0.2817
-0.7558
-0.9898
-0.9096
-0.5406
-0.0000
0.5406
0.9096
0.9898
0.7558
0.2817
-0.2817
-0.7558
-0.9898
-0.9096
-0.5406
-0.0000
0.5406
0.9096
0.9898
0.7557
0.2817
-0.2817
-0.7558
-0.9898
-0.9096
-0.5406
0.0000
0.5406
0.9096
0.9898
0.7557
0.2817
-0.2817
-0.7558
-0.9898
-0.9096
-0.5406
0.0000
0.5406
0.9096
0.9898
0.7557
0.2817
-0.2817
-0.7558
-0.9898
-0.9096
-0.5406
0.0000
0.5406
0.9096
0.9898
0.7557
0.2817
-0.2817
-0.7558
-0.9898
-0.9096
-0.5406
0.0000
